 -2.0305431e+000
 -1.6482802e+000
 -5.8017298e-001
  1.5071234e+000
  2.1431613e+000
  1.1656463e+000
  1.9732268e+000
  2.4456300e+000
  1.9633390e+000
  1.7005880e+000
  4.3541978e-001
  5.0619616e-001
  5.8940869e-001
  9.9302240e-001
 -2.3197559e-001
  8.1693919e-001
  1.4367949e+000
 -7.4794182e-001
 -9.9322788e-001
  5.2270036e-001
  1.6124532e+000
  2.9220813e+000
  3.8325503e+000
  1.9712916e+000
 -1.9050027e+000
 -1.2457526e+000
 -1.9432979e-001
  2.8604575e-001
  3.9093063e-002
 -1.5867184e+000
 -1.5312047e+000
 -2.3374413e+000
 -2.7327553e+000
 -2.1131747e+000
 -2.9991221e-001
  1.0489654e+000
  4.5970577e-005
  1.0622257e+000
  1.2275439e+000
  2.6985611e+000
  1.2117507e+000
 -7.0539477e-001
 -2.0967425e+000
 -2.1561012e+000
 -2.4343288e+000
 -2.6609185e+000
 -4.1537933e+000
 -4.1532921e+000
 -2.3652069e+000
 -8.5635853e-001
  4.4854199e-002
  4.2133767e-001
  6.7331156e-001
  7.3742236e-002
 -9.2837722e-001
 -5.4968150e-001
 -6.1888376e-001
 -2.1599906e-001
 -8.9149630e-001
 -1.0196413e+000
  4.9369213e-002
 -3.7450688e-001
 -2.8339193e-001
 -3.4218382e-001
